20
20 19 20 19
3 19 3 19
1 1 0 1 1 1 0 1 0 1 0 1 0 1 1 1 1 1 1 1
0 1 0 1 0 1 0 1 0 1 0 1 0 1 0 1 0 1 0 1
0 1 1 1 1 1 1 1 0 1 1 1 1 1 1 1 1 1 0 1
0 1 0 1 0 1 0 1 1 1 1 1 0 1 1 1 0 1 1 1
0 1 0 1 1 1 0 1 0 1 1 1 0 1 0 1 0 1 1 1
0 1 0 1 0 1 0 1 0 1 1 1 1 1 0 1 1 1 0 1
0 1 0 1 0 1 0 1 0 1 1 1 0 1 0 1 0 1 0 1
1 1 0 1 0 1 0 1 0 1 0 1 0 1 0 1 0 1 1 1
0 1 0 1 0 1 1 1 1 1 1 1 0 1 0 1 0 1 1 1
1 1 1 1 1 1 1 1 1 1 1 1 1 1 1 1 1 1 1 1
0 1 1 1 1 1 0 1 1 1 0 1 0 1 1 1 1 1 1 1
0 1 0 1 0 1 1 1 1 1 1 1 0 1 0 1 1 1 0 1
0 1 0 1 0 1 1 1 0 1 0 1 1 1 1 1 0 1 0 1
0 1 1 1 0 1 0 1 0 1 0 1 1 1 1 1 0 1 0 1
1 1 0 1 0 1 0 1 1 1 0 1 0 1 1 1 0 1 0 1
0 1 1 1 0 1 0 1 0 1 0 1 0 1 0 1 0 1 0 1
0 1 0 1 1 1 0 1 0 1 0 1 1 1 0 1 1 1 0 1
1 1 0 1 0 1 1 1 0 1 1 1 0 1 1 1 0 1 0 1
1 1 1 1 0 1 0 1 1 1 0 1 0 1 1 1 0 1 1 1
0 1 0 1 0 1 0 1 1 1 1 1 0 1 0 1 1 1 0 1